0.000000000000000000e+00 -2.805861143285682258e-01
8.611552775838064722e-02 -6.626760915838311172e-01
8.838116018651856476e-02 -1.070048784786469698e+00
9.064674854970738993e-02 -6.402609017664849800e-01
9.291229171978018786e-02 -5.224588369757160455e-01
9.517778856869933690e-02 -4.430430054396093942e-01
9.744323796855977604e-02 -6.767603059107384356e-01
9.970863879159207188e-02 -7.659601288374759953e-01
1.019739899101658326e-01 -3.963779956657018100e-01
1.042392901967927471e-01 -4.204802915673984121e-01
1.065045385241299436e-01 -3.571482765558710581e-01
1.087697337649830426e-01 -3.073877961185519925e-01
1.110348747923095986e-01 -2.586133156587041015e-01
1.132999604792220699e-01 -1.997033404786719424e-01
1.155649896989912190e-01 -1.211542909353751640e-01
1.178299613250491928e-01 -1.918268595389022446e-01
1.200948742309928124e-01 -1.057577000802667616e-01
1.223597272905867367e-01 -1.614545207640601665e-01
1.246245193777667792e-01 -1.479168501190504803e-01
1.268892493666427812e-01 -1.203246105609334232e-01
1.291539161315023720e-01 -7.230074953983221808e-02
1.314185185468135786e-01 -9.604808967004238585e-02
1.336830554872285304e-01 -7.261947755509440272e-02
1.359475258275862630e-01 -8.047884139763321343e-02
1.382119284429161876e-01 -5.238520475896810830e-02
1.404762622084411439e-01 -2.047920799123979785e-02
1.427405259995806752e-01 -3.094147374929420366e-02
1.450047186919541931e-01 -4.556854951390849201e-02
1.472688391613841408e-01 -6.226754252458092942e-02
1.495328862838992412e-01 -5.413865999813188140e-02
1.517968589357376885e-01 -6.488696465640683697e-02
1.540607559933502291e-01 -3.829347175628020766e-02
1.563245763334035199e-01 -2.874742829484892848e-02
1.585883188327832094e-01 -4.343545285785584131e-02
1.608519823685970462e-01 -4.837161795502714634e-02
1.631155658181783208e-01 -2.637330944734488786e-02
1.653790680590887796e-01 -3.789016209853343642e-02
1.676424879691219560e-01 -1.872684646570207251e-02
1.699058244263062234e-01 -1.748610575618923801e-02
1.721690763089081533e-01 -2.635035334019949702e-02
1.744322424954355688e-01 -1.359495252811636357e-02
1.766953218646405699e-01 -1.601745392217181901e-02
1.789583132955232803e-01 -3.794033127501847402e-02
1.812212156673341512e-01 -1.358415067707548392e-02
1.834840278595778473e-01 -3.589380880809985019e-02
1.857467487520161609e-01 -9.812066264277644403e-03
1.880093772246710371e-01 -1.620009127164225710e-02
1.902719121578280437e-01 -3.331935248010012979e-02
1.925343524320392574e-01 -1.780988650924576755e-02
1.947966969281264837e-01 1.605116558639918534e-02
1.970589445271845597e-01 1.126840366394459307e-03
1.993210941105844347e-01 -1.951499125544970542e-02
2.015831445599762239e-01 -2.638094376479668476e-02
2.038450947572923166e-01 -2.661646976528016934e-02
2.061069435847509845e-01 -1.519750547858791240e-02
2.083686899248587965e-01 -1.773894650378314911e-02
2.106303326604145043e-01 -1.215141091037760454e-02
2.128918706745115963e-01 1.557597330215408811e-03
2.151533028505417389e-01 -5.113736754980510203e-03
2.174146280721979407e-01 -1.093807953478104049e-02
2.196758452234776615e-01 -5.136176499422654383e-03
2.219369531886856428e-01 -4.363820209227128703e-03
2.241979508524374887e-01 -1.467898978981825760e-02
2.264588370996626354e-01 -7.854936250412314011e-04
2.287196108156072660e-01 -9.960796147018028887e-03
2.309802708858378628e-01 -3.685190686844187942e-03
2.332408161962438442e-01 5.284579676542686642e-03
2.355012456330410342e-01 -1.453079923617210667e-02
2.377615580827747988e-01 -8.012188429317746233e-03
2.400217524323229046e-01 1.177222924449014031e-02
2.422818275688987388e-01 2.117162753273271140e-03
2.445417823800545287e-01 -1.741744088926434550e-02
2.468016157536845334e-01 -1.715323107755196627e-02
2.490613265780276531e-01 -1.709054071353075660e-02
2.513209137416712036e-01 -7.048281262529440885e-03
2.535803761335534423e-01 4.189919386109497196e-04
2.558397126429671764e-01 -6.601784076178318292e-04
2.580989221595625382e-01 -1.022051337976158207e-02
2.603580035733499276e-01 1.188627197469147370e-02
2.626169557747036198e-01 2.863548541354051912e-03
2.648757776543645415e-01 -2.791053385842012899e-04
2.671344681034432123e-01 2.301953882766888371e-04
2.693930260134231314e-01 1.063462987499832861e-02
2.716514502761636640e-01 1.978396844174856641e-03
2.739097397839032610e-01 -7.110866112203764050e-03
2.761678934292625121e-01 -9.241488881982351912e-04
2.784259101052470875e-01 -6.233925758237459334e-03
2.806837887052509584e-01 -1.863946566260150581e-02
2.829415281230592827e-01 -7.256500090411184545e-03
2.851991272528517918e-01 -1.208230986887813248e-03
2.874565849892056213e-01 2.774553258555292543e-03
2.897139002270983643e-01 8.826093040650146576e-03
2.919710718619111800e-01 9.007448249731264678e-03
2.942280987894319022e-01 -2.972510320518628388e-03
2.964849799058579261e-01 -5.437604955789338695e-03
2.987417141077995386e-01 -1.469253569183022121e-03
3.009983002922828055e-01 1.295636581686615508e-03
3.032547373567525129e-01 8.413125118048868020e-03
3.055110241990752762e-01 4.078957300135469671e-03
3.077671597175428153e-01 8.008273671548566536e-03
3.100231428108745635e-01 6.302976202534688521e-04
3.122789723782212201e-01 -6.401554360954369964e-04
3.145346473191671377e-01 -3.514006816884488512e-03
3.167901665337339856e-01 4.546167282155368777e-03
3.190455289223832480e-01 9.342015858908220326e-04
3.213007333860199433e-01 1.096262007682421470e-02
3.235557788259947332e-01 -3.419353227551615113e-03
3.258106641441073092e-01 1.788218966104837624e-04
3.280653882426100010e-01 -5.699785688479894370e-03
3.303199500242098852e-01 4.926655388538981641e-03
3.325743483920723387e-01 -3.513603390313267943e-03
3.348285822498239250e-01 8.146959303447913123e-03
3.370826505015550589e-01 3.959413712928997256e-03
3.393365520518237255e-01 1.637736204630370687e-02
3.415902858056577562e-01 8.851805545974162498e-03
3.438438506685579932e-01 8.326520057808426897e-03
3.460972455465019526e-01 5.099199851845040259e-03
3.483504693459456569e-01 1.210261806737677852e-02
3.506035209738274094e-01 9.538002098127775288e-03
3.528563993375706254e-01 1.601451920740031010e-02
3.551091033450866630e-01 1.558740358618193080e-02
3.573616319047780432e-01 1.420729726388407499e-02
3.596139839255411141e-01 8.355606921602018455e-03
3.618661583167689932e-01 1.586116140288128598e-03
3.641181539883550089e-01 1.774344547338094560e-02
3.663699698506951985e-01 -5.840964788368493456e-03
3.686216048146913615e-01 1.784767568139943765e-03
3.708730577917541127e-01 1.293286149190478809e-02
3.731243276938054909e-01 8.401538306238177239e-03
3.753754134332827341e-01 1.342121480981936336e-02
3.776263139231402777e-01 7.169418810386999144e-03
3.798770280768529739e-01 8.034257820598871350e-03
3.821275548084193674e-01 -1.168385393939160889e-03
3.843778930323641374e-01 1.096730407368722536e-02
3.866280416637416506e-01 8.137515355659040092e-03
3.888779996181381815e-01 1.540856091289697846e-02
3.911277658116749656e-01 -2.454348419613305333e-03
3.933773391610119186e-01 4.968623302431538283e-03
3.956267185833492461e-01 8.553248383948316991e-03
3.978759029964314964e-01 8.160617126901666477e-03
4.001248913185497802e-01 9.269426352580774353e-03
4.023736824685448243e-01 8.466553018117960183e-03
4.046222753658101356e-01 1.138386384235736716e-02
4.068706689302944435e-01 4.156922181563080937e-03
4.091188620825050859e-01 1.508138227511799994e-03
4.113668537435103967e-01 1.428066789786837029e-02
4.136146428349429804e-01 1.037512911831388850e-02
4.158622282790023772e-01 1.016158268086331208e-03
4.181096089984579489e-01 9.101459450990521949e-03
4.203567839166518216e-01 -2.341372542306824431e-03
4.226037519575016610e-01 1.654859021940351940e-03
4.248505120455038919e-01 5.143625427245497421e-03
4.270970631057358635e-01 5.565860597631176049e-03
4.293434040638591798e-01 1.006722959100945190e-02
4.315895338461228081e-01 1.167192397550801189e-02
4.338354513793649114e-01 5.162448620383850231e-03
4.360811555910171777e-01 2.060206195531468810e-03
4.383266454091061526e-01 -3.508625220004510294e-03
4.405719197622570138e-01 -1.035061193322932629e-02
4.428169775796964025e-01 6.781769301774268760e-03
4.450618177912544771e-01 1.260450115602725421e-02
4.473064393273685768e-01 1.109221969851342110e-02
4.495508411190857756e-01 1.279989449341590799e-02
4.517950220980653242e-01 4.775583858703295881e-03
4.540389811965820921e-01 1.284474879404410436e-02
4.562827173475289544e-01 3.194145376995820209e-03
4.585262294844192899e-01 7.050596613691704345e-03
4.607695165413908112e-01 7.061959535449468975e-05
4.630125774532072858e-01 8.137532324758143393e-03
4.652554111552619220e-01 4.287749201519744022e-03
4.674980165835800339e-01 1.103483923956554216e-02
4.697403926748215941e-01 7.138836766413980857e-03
4.719825383662841212e-01 3.443604574791643384e-03
4.742244525959058432e-01 4.473066696124319147e-03
4.764661343022678075e-01 4.423334161732739300e-03
4.787075824245973776e-01 7.960604760228174280e-04
4.809487959027700099e-01 3.600580185287220389e-03
4.831897736773131391e-01 4.193823581880781574e-03
4.854305146894079548e-01 -6.738574860964335412e-04
4.876710178808928986e-01 6.505041562275766347e-03
4.899112821942658291e-01 2.150995928049670436e-02
4.921513065726871305e-01 1.638971946065858817e-02
4.943910899599819331e-01 8.277874884765059130e-03
4.966306313006441098e-01 -8.254530675059233713e-03
4.988699295398372202e-01 3.553204325998092147e-03
5.011089836233982853e-01 8.664645623582161935e-03
5.033477924978405627e-01 7.107392982522402550e-03
5.055863551103561004e-01 5.978093045821950696e-03
5.078246704088184016e-01 1.000352832657867147e-02
5.100627373417840893e-01 4.407883139686010615e-03
5.123005548584979030e-01 -6.787766619577415179e-03
5.145381219088939195e-01 5.503721715295633102e-03
5.167754374435973297e-01 1.440929540384335364e-02
5.190125004139295450e-01 1.222454000508107694e-02
5.212493097719085311e-01 3.981841232039409241e-03
5.234858644702529151e-01 1.848386356103502368e-02
5.257221634623843176e-01 2.624831579058213484e-03
5.279582057024294617e-01 9.392214887072767096e-03
5.301939901452238368e-01 -4.345331939585803278e-03
5.324295157463134753e-01 4.670187811982525611e-03
5.346647814619577277e-01 6.369979443468866236e-03
5.368997862491324824e-01 1.422395295007685204e-02
5.391345290655323863e-01 4.145656357477641406e-03
5.413690088695732872e-01 4.034293656412374102e-04
5.436032246203952312e-01 6.831538458542286453e-03
5.458371752778646835e-01 8.367661538185671571e-03
5.480708598025781919e-01 -9.406961118678426603e-03
5.503042771558631641e-01 4.041545354741271634e-03
5.525374262997823083e-01 2.868951846821805613e-03
5.547703061971354099e-01 -2.386615062943357908e-03
5.570029158114614409e-01 -9.895653698923235608e-04
5.592352541070422234e-01 9.336069515367273822e-03
5.614673200489043170e-01 1.065023052173057726e-02
5.636991126028216836e-01 -4.744521076344005578e-03
5.659306307353187959e-01 4.255269505062517742e-03
5.681618734136724136e-01 2.830079406925734096e-03
5.703928396059145811e-01 2.678504036563774098e-03
5.726235282808350702e-01 -6.854244523119761923e-04
5.748539384079843773e-01 3.587665705785965560e-03
5.770840689576755000e-01 7.933082965934451719e-04
5.793139189009872680e-01 6.258970775178304344e-03
5.815434872097660080e-01 8.751969609763765590e-04
5.837727728566293184e-01 9.118329441675281088e-03
5.860017748149675132e-01 9.857105146832501139e-04
5.882304920589461750e-01 6.234061091424436540e-03
5.904589235635095967e-01 5.674153479603627134e-04
5.926870683043827803e-01 1.180348543482502826e-03
5.949149252580734348e-01 5.117143084951658767e-03
5.971424934018753072e-01 2.589489986604190212e-03
5.993697717138700698e-01 9.690556672372393349e-03
6.015967591729305397e-01 1.403678651826806810e-02
6.038234547587223444e-01 8.960023744825662854e-04
6.060498574517070303e-01 1.110792498593033382e-03
6.082759662331443939e-01 -8.787590753923591380e-04
6.105017800850940368e-01 -1.434493258593777477e-03
6.127272979904200279e-01 5.596880697076031703e-03
6.149525189327911256e-01 9.602521075088157193e-03
6.171774418966844422e-01 1.440268751646074999e-03
6.194020658673877744e-01 8.961004623225164029e-03
6.216263898310011582e-01 1.169259517300979580e-03
6.238504127744406436e-01 1.288001553199693075e-03
6.260741336854407368e-01 1.280941601088350992e-02
6.282975515525546228e-01 2.145026960526137758e-03
6.305206653651600490e-01 -8.872362576841102836e-04
6.327434741134583263e-01 6.755869897517630812e-03
6.349659767884792139e-01 1.152539311032822061e-02
6.371881723820826959e-01 2.394182602224438194e-03
6.394100598869602026e-01 7.294988738249680651e-03
6.416316382966391618e-01 -7.982946071830509735e-03
6.438529066054828887e-01 5.078792940719643184e-03
6.460738638086951369e-01 5.675240926120900253e-03
6.482945089023218754e-01 -6.912845432545654603e-03
6.505148408832528428e-01 4.772107015870351299e-03
6.527348587492248777e-01 1.003816174624466880e-02
6.549545614988235842e-01 3.594206708549180229e-03
6.571739481314864406e-01 -3.021735863368556121e-03
6.593930176475046867e-01 2.997906108299428288e-03
6.616117690480257663e-01 -6.881850710480658800e-03
6.638302013350556585e-01 7.160679392398330498e-03
6.660483135114608766e-01 6.766513233979527635e-03
6.682661045809720202e-01 -1.463870128729073336e-03
6.704835735481844416e-01 1.123350579438874008e-02
6.727007194185619099e-01 1.335756396187510325e-02
6.749175411984381645e-01 -1.171187509255862055e-03
6.771340378950195804e-01 -1.494014391048936827e-04
6.793502085163872772e-01 5.532148000609336119e-03
6.815660520714997839e-01 4.956480677432847752e-03
6.837815675701947038e-01 1.869406567423232204e-02
6.859967540231922678e-01 -4.085239812695921902e-03
6.882116104420953340e-01 -1.922702504568769670e-03
6.904261358393942727e-01 6.305439411653345882e-05
6.926403292284675217e-01 1.293837666690232993e-02
6.948541896235844728e-01 1.203387038446955895e-03
6.970677160399081362e-01 8.433688265908291862e-03
6.992809074934961400e-01 2.407486563835380209e-03
7.014937630013041714e-01 -1.302025084715958264e-02
7.037062815811880867e-01 8.428061181990360862e-03
7.059184622519053542e-01 8.469582210616388067e-05
7.081303040331181631e-01 -1.386595856322114274e-02
7.103418059453950884e-01 4.087219190853890426e-03
7.125529670102139779e-01 5.894887241685160297e-03
7.147637862499635064e-01 -3.877369122041156128e-03
7.169742626879450631e-01 8.459255354255732981e-03
7.191843953483766372e-01 3.581419368110119825e-03
7.213941832563933731e-01 1.890539307499114387e-03
7.236036254380499022e-01 2.360326686277840376e-03
7.258127209203235619e-01 5.807803206567851637e-03
7.280214687311156174e-01 4.608143155653116572e-03
7.302298678992537040e-01 7.464333079504364976e-03
7.324379174544948246e-01 7.298286568150041086e-03
7.346456164275255718e-01 6.810874473520748401e-03
7.368529638499663470e-01 1.535722859358593616e-03
7.390599587543725812e-01 6.994351380988892558e-03
7.412666001742365118e-01 1.007702225720402169e-02
7.434728871439901798e-01 -4.145584253646374638e-03
7.456788186990070955e-01 2.685417377798589560e-03
7.478843938756045695e-01 -1.105395109128041791e-03
7.500896117110453787e-01 -2.407934673199542148e-03
7.522944712435398751e-01 1.682278977509039149e-03
7.544989715122499829e-01 8.250571000025774468e-03
7.567031115572879774e-01 2.528267948339369547e-03
7.589068904197215915e-01 -3.076211354053627698e-03
7.611103071415737942e-01 -2.943513870068468260e-03
7.633133607658272313e-01 3.817810769179513742e-04
7.655160503364245583e-01 5.200669046868056306e-04
7.677183748982706613e-01 -1.476529892554252418e-02
7.699203334972350987e-01 -1.277809232604495320e-03
7.721219251801550998e-01 -4.612922335660141052e-04
7.743231489948355639e-01 -2.646619124124980921e-03
7.765240039900530578e-01 -1.767682448666004109e-03
7.787244892155563702e-01 -6.623332231946861028e-03
7.809246037220699543e-01 1.911119061271932592e-03
7.831243465612943710e-01 2.699290470061643712e-03
7.853237167859101753e-01 -1.278080951755338184e-03
7.875227134495779158e-01 4.283323071609730637e-03
7.897213356069420209e-01 -5.025519842437847773e-03
7.919195823136319090e-01 1.939946295552924527e-02
7.941174526262638755e-01 -7.043200247700882703e-03
7.963149456024425366e-01 -4.097661425444687130e-03
7.985120603007652695e-01 -9.471159583416471212e-03
8.007087957808209921e-01 -4.512963696014220261e-03
8.029051511031942701e-01 -1.218563767641152665e-03
8.051011253294665382e-01 -1.052315232608677480e-02
8.072967175222183212e-01 -6.710516701975369896e-03
8.094919267450313427e-01 7.161079479135163718e-03
8.116867520624896359e-01 6.979097628076537906e-03
8.138811925401820968e-01 -6.185810140698727545e-04
8.160752472447053707e-01 -1.102426144887207540e-02
8.182689152436636304e-01 -1.433876977735151249e-02
8.204621956056726839e-01 3.322962083976873249e-03
8.226550874003598635e-01 1.658850774798896824e-03
8.248475896983680222e-01 -1.466901863210854848e-02
8.270397015713559785e-01 -1.471364609723173171e-03
8.292314220920009582e-01 -3.263187343179921405e-03
8.314227503340002601e-01 -1.731489858027815409e-02
8.336136853720740314e-01 -1.485877289447063918e-02
8.358042262819650459e-01 9.514609872793122758e-03
8.379943721404432555e-01 -2.563212352304589190e-03
8.401841220253056797e-01 -7.149235809468913218e-03
8.423734750153795137e-01 -1.022917417029248037e-02
8.445624301905227949e-01 5.791362271816269565e-03
8.467509866316276224e-01 -6.089414382380828848e-03
8.489391434206208231e-01 -1.039852288402054372e-03
8.511268996404663945e-01 3.159991770252040984e-03
8.533142543751678355e-01 7.615254777117472923e-03
8.555012067097678141e-01 -8.548596501450300006e-03
8.576877557303532740e-01 -8.270961246714234397e-03
8.598739005240545463e-01 -1.692865958648909555e-02
8.620596401790485697e-01 -1.364539668240249450e-02
8.642449737845603330e-01 -1.452554924876332636e-03
8.664299004308638752e-01 -2.335479763251989069e-03
8.686144192092858374e-01 -3.842455691811136418e-03
8.707985292122054632e-01 1.000276371621910097e-02
8.729822295330575965e-01 2.193694217375611807e-03
8.751655192663340133e-01 -8.509828602233678388e-03
8.773483975075850871e-01 -7.144017191109721700e-03
8.795308633534215659e-01 2.663232520985620716e-03
8.817129159015159034e-01 8.208368824414495613e-03
8.838945542506059239e-01 -7.681387026347048265e-03
8.860757775004941550e-01 -5.457661690705875243e-03
8.882565847520508262e-01 -1.847933039677518430e-02
8.904369751072148675e-01 -1.814260129228607507e-02
8.926169476689969073e-01 -6.232442656901589044e-03
8.947965015414799383e-01 -1.162171464554573319e-02
8.969756358298209831e-01 -3.914286507349158672e-03
8.991543496402536473e-01 1.108747064474161631e-02
9.013326420800882310e-01 -1.095744780184767370e-02
9.035105122577157255e-01 -4.419988121281376130e-03
9.056879592826073688e-01 -3.929871899750082311e-03
9.078649822653178658e-01 -3.842749514737205021e-03
9.100415803174859430e-01 -1.264164480852928351e-03
9.122177525518365693e-01 -5.184217529332743948e-03
9.143934980821821767e-01 2.294199161724734103e-03
9.165688160234253257e-01 2.769180424932545740e-03
9.187437054915589263e-01 4.764438675546740255e-03
9.209181656036695696e-01 -9.838237208235216941e-03
9.230921954779373051e-01 -3.591592923662486562e-03
9.252657942336383057e-01 2.657015325709900441e-03
9.274389609911468657e-01 -6.117771583278513526e-04
9.296116948719364004e-01 4.027642843063238692e-03
9.317839949985804449e-01 -1.208175130120359674e-02
9.339558604947560960e-01 -4.837669361594314557e-03
9.361272904852436794e-01 -4.200213438119204711e-04
9.382982840959293025e-01 -2.608984917641052944e-03
9.404688404538064095e-01 1.838184891429305240e-03
9.426389586869770021e-01 -6.040669158737518168e-03
9.448086379246541933e-01 8.936399212888157442e-04
9.469778772971620961e-01 -4.162672092808333141e-03
9.491466759359384886e-01 -4.066846174475744445e-03
9.513150329735362565e-01 -4.226535567985923066e-04
9.534829475436251700e-01 -1.073576828677193923e-02
9.556504187809929940e-01 -9.051616978437605418e-03
9.578174458215464870e-01 -6.298916230332045861e-03
9.599840278023143991e-01 -7.190758190690035162e-03
9.621501638614478047e-01 -5.914428828579509911e-04
9.643158531382216569e-01 -9.989119881940494022e-03
9.664810947730375634e-01 -6.199457563392216791e-03
9.686458879074227868e-01 -2.353558259799376409e-03
9.708102316840344637e-01 -4.507068266672993075e-03
9.729741252466600487e-01 -5.351820092700933056e-03
9.751375677402175368e-01 -9.456802778066751916e-03
9.773005583107586824e-01 -4.230968201664872183e-03
9.794630961054701102e-01 -3.578415553458060786e-03
9.816251802726743136e-01 -2.660737915184949783e-03
9.837868099618303219e-01 -8.454259866608046167e-03
9.859479843235374741e-01 -1.848293332225659988e-02
9.881087025095347531e-01 -8.032127100564664252e-03
9.902689636727031175e-01 -8.531317375361358165e-04
9.924287669670665002e-01 -1.081186372735414014e-02
9.945881115477939183e-01 -7.824331766976831345e-03
9.967469965712000279e-01 -7.091426805491793557e-03
9.989054211947471229e-01 -5.095450725123381978e-03
1.001063384577046467e+00 -2.986697925390334636e-03
1.003220885877859736e+00 -9.539063559449417751e-03
1.005377924258099354e+00 -1.537328375663047329e-02
1.007534498879832041e+00 -1.055954326193442316e-02
1.009690608906277598e+00 9.353793226055029299e-04
1.011846253501812898e+00 -5.398639187269711238e-03
1.014001431831971223e+00 -1.217379373194048568e-03
1.016156143063444039e+00 -1.119963315800442429e-02
1.018310386364083220e+00 -1.468723003415962208e-02
1.020464160902901041e+00 -2.233861400755210447e-03
1.022617465850073737e+00 -1.226955766638499444e-02
1.024770300376940169e+00 -1.238498302763380715e-02
1.026922663656004486e+00 -1.541972455943177922e-03
1.029074554860936797e+00 -8.021440698309307421e-03
1.031225973166576493e+00 -8.989677615134026786e-03
1.033376917748930479e+00 -7.607957815314984190e-03
1.035527387785177389e+00 -1.500297618270724463e-02
1.037677382453666253e+00 -8.116304623290975656e-03
1.039826900933919385e+00 -8.185825306416552594e-03
1.041975942406633715e+00 -7.465864633856143795e-03
1.044124506053681234e+00 -1.694552962830404158e-02
1.046272591058111434e+00 -9.850799480147533205e-03
1.048420196604150201e+00 -1.176957891097788270e-02
1.050567321877204252e+00 -6.248885168002042863e-03
1.052713966063860029e+00 -1.606379709376214507e-02
1.054860128351885473e+00 -1.256415879335633784e-02
1.057005807930232244e+00 -3.277946914779305914e-04
1.059151003989035500e+00 -1.035022068903132184e-02
1.061295715719616117e+00 7.460896486481894329e-04
1.063439942314480913e+00 -5.084752890416554399e-03
1.065583682967325529e+00 -1.123480966187750897e-05
1.067726936873033994e+00 -8.743599586687971978e-03
1.069869703227680047e+00 -1.310620966929043618e-02
1.072011981228529587e+00 -1.709990236303686115e-02
1.074153770074040892e+00 -1.480752113779461657e-02
1.076295068963865287e+00 -1.815407846566865352e-02
1.078435877098850026e+00 -8.956890947325001767e-03
1.080576193681037411e+00 -6.306372115885876609e-03
1.082716017913667228e+00 -1.900299613332894280e-02
1.084855349001177638e+00 -9.632477729545207631e-03
1.086994186149206287e+00 -1.197007538686366626e-02
1.089132528564591418e+00 -1.739416438577096741e-02
1.091270375455372532e+00 -1.090383819078916822e-02
1.093407726030792393e+00 -1.391894243135924011e-02
1.095544579501297244e+00 -1.951875924867025117e-02
1.097680935078539255e+00 -1.254005357622190592e-02
1.099816791975376296e+00 -4.662114366817556553e-03
1.101952149405872605e+00 -1.941787385049524930e-02
1.104087006585300790e+00 -1.657431998368928336e-02
1.106221362730144708e+00 -1.130861326797368178e-02
1.108355217058096809e+00 -1.894778984621756784e-02
1.110488568788061015e+00 -9.469553180051439381e-03
1.112621417140155167e+00 -1.595864802491757384e-02
1.114753761335709470e+00 -2.608908158077407127e-02
1.116885600597269379e+00 -7.621890998944098536e-03
1.119016934148595599e+00 -1.200466847392926001e-02
1.121147761214666527e+00 -1.453613208763922422e-02
1.123278081021676256e+00 -2.098975452512630291e-02
1.125407892797040343e+00 -1.309076077014800950e-02
1.127537195769392486e+00 -2.657511312107365548e-03
1.129665989168586515e+00 -1.059745793311761553e-02
1.131794272225700171e+00 -1.858939751218747008e-02
1.133922044173031995e+00 -1.000055768883801287e-02
1.136049304244105329e+00 -1.206185701109355017e-02
1.138176051673667422e+00 -2.271214454025692955e-02
1.140302285697692319e+00 -1.843373974188331627e-02
1.142428005553380199e+00 -8.588058088532652540e-03
1.144553210479158256e+00 -1.184742567978806088e-02
1.146677899714683369e+00 -9.865760312117692263e-03
1.148802072500841209e+00 -1.601836820357463095e-02
1.150925728079747801e+00 -1.639378492230594148e-02
1.153048865694751735e+00 -2.189163214975973354e-02
1.155171484590431952e+00 -1.559490449176022947e-02
1.157293584012601961e+00 -1.904265706102002340e-02
1.159415163208309840e+00 -2.344914179204063420e-02
1.161536221425837567e+00 -1.870709535453917577e-02
1.163656757914703910e+00 -1.884031020342802343e-02
1.165776771925663979e+00 -2.407199569798132086e-02
1.167896262710710564e+00 -1.853150577635114676e-02
1.170015229523075240e+00 -2.414961102582762267e-02
1.172133671617229922e+00 -1.517799479322705196e-02
1.174251588248885758e+00 -1.803527385890855289e-02
1.176368978674995125e+00 -2.459951549889681510e-02
1.178485842153752738e+00 -2.559816666064302151e-02
1.180602177944596765e+00 -2.543935444505001156e-02
1.182717985308209041e+00 -1.666598516736233007e-02
1.184833263506515078e+00 -2.250101496248958777e-02
1.186948011802686498e+00 -1.741626341156049182e-02
1.189062229461141040e+00 -2.849451006875810752e-02
1.191175915747543890e+00 -2.717791137472347004e-02
1.193289069928807455e+00 -2.100900404609997232e-02
1.195401691273093370e+00 -1.983990096650150442e-02
1.197513779049812044e+00 -1.830738866311040422e-02
1.199625332529624888e+00 -2.676801900375410520e-02
1.201736350984444313e+00 -2.366893501237000638e-02
1.203846833687433948e+00 -2.432192472973128058e-02
1.205956779913010646e+00 -3.499731779304590673e-02
1.208066188936844254e+00 -2.195866408761737443e-02
1.210175060035859174e+00 -2.265264076121520712e-02
1.212283392488233691e+00 -2.961761340362379855e-02
1.214391185573402865e+00 -2.790083893014201621e-02
1.216498438572057639e+00 -2.788561045407841193e-02
1.218605150766145284e+00 -2.236002022290235411e-02
1.220711321438872288e+00 -3.288463277590794598e-02
1.222816949874702797e+00 -3.603334117502752371e-02
1.224922035359360395e+00 -2.455560380907838292e-02
1.227026577179828326e+00 -2.841728642935857641e-02
1.229130574624350825e+00 -3.208720043615101436e-02
1.231234026982433338e+00 -2.874158215108863976e-02
1.233336933544843417e+00 -2.221406518249340045e-02
1.235439293603611821e+00 -2.605306855012837208e-02
1.237541106452030970e+00 -3.548110132248363108e-02
1.239642371384658937e+00 -5.686910240502111857e-02
1.241743087697318559e+00 -5.347882680183026899e-02
1.243843254687096112e+00 1.484688210804474637e-04
1.245942871652346851e+00 -1.855293904641216324e-02
1.248041937892690578e+00 -9.089942440920927014e-02
1.250140452709014527e+00 -7.754624703872135816e-02
1.252238415403474026e+00 4.818349745025747588e-02
1.254335825279494276e+00 -6.812060835645120105e-02
1.256432681641767690e+00 -6.845658209470245614e-02
1.258528983796257217e+00 -1.212458289540089065e-02
1.260624731050196123e+00 -1.569877834765735086e-02
1.262719922712089105e+00 -2.025769027796614150e-02
1.264814558091711838e+00 -6.176417955063472770e-02
1.266908636500112539e+00 -3.050241088557065910e-02
1.269002157249611962e+00 -8.249020451299325304e-03
1.271095119653803618e+00 -4.183167444064770507e-02
1.273187523027555779e+00 -3.799246523531778913e-02
1.275279366687010807e+00 -3.287064540410484376e-02
1.277370649949586268e+00 -3.538340316990568057e-02
1.279461372133974484e+00 -2.810607116747855863e-02
1.281551532560144757e+00 -2.614007854141826848e-02
1.283641130549341813e+00 -3.627068630533964583e-02
1.285730165424088689e+00 -4.010038841601018533e-02
1.287818636508185843e+00 -4.019912452518621671e-02
1.289906543126712268e+00 -3.062746586318947084e-02
1.291993884606023268e+00 -2.784929485726427012e-02
1.294080660273756900e+00 -3.294306680081227068e-02
1.296166869458827975e+00 -3.299069477588619653e-02
1.298252511491433392e+00 -3.336743851732848487e-02
1.300337585703049470e+00 -4.949241907053467809e-02
1.302422091426434392e+00 -3.894230618022608698e-02
1.304506027995626871e+00 -4.715009796840233247e-02
1.306589394745949040e+00 -4.551041687162362542e-02
1.308672191014005337e+00 -3.882350859389951947e-02
1.310754416137682066e+00 -5.255750233100792840e-02
1.312836069456150279e+00 -4.592411465400858539e-02
1.314917150309864446e+00 -4.353298727765959886e-02
1.316997658040562458e+00 -4.190891468751981735e-02
1.319077591991268505e+00 -4.288887068469345726e-02
1.321156951506291088e+00 -4.688198005860311213e-02
1.323235735931223678e+00 -4.444652580551739646e-02
1.325313944612947159e+00 -4.117959825932868828e-02
1.327391576899627390e+00 -4.627116567290140425e-02
1.329468632140718309e+00 -3.802651331822190506e-02
1.331545109686960160e+00 -3.754694425538742525e-02
1.333621008890380821e+00 -4.278161341027098691e-02
1.335696329104296476e+00 -5.774118344339251863e-02
1.337771069683310721e+00 -4.481178714831002274e-02
1.339845229983317898e+00 -4.571358144339580931e-02
1.341918809361499321e+00 -4.837550110567321454e-02
1.343991807176325937e+00 -4.450442289389019285e-02
1.346064222787559883e+00 -4.683067854907703442e-02
1.348136055556252266e+00 -4.365824491515038486e-02
1.350207304844744494e+00 -4.515220776663769059e-02
1.352277970016669162e+00 -4.690588391790494888e-02
1.354348050436949835e+00 -4.829659484254338053e-02
1.356417545471801489e+00 -4.601886857564560507e-02
1.358486454488731399e+00 -4.878866489622873948e-02
1.360554776856537806e+00 -4.836300467844351081e-02
1.362622511945311921e+00 -3.770677769211349534e-02
1.364689659126437471e+00 -5.998356172891049914e-02
1.366756217772591153e+00 -5.833724716000660004e-02
1.368822187257743073e+00 -5.026485531197662920e-02
1.370887566957155634e+00 -5.625663470432054614e-02
1.372952356247387096e+00 -4.910162208679038492e-02
1.375016554506288013e+00 -4.242380654666862844e-02
1.377080161113003243e+00 -4.863224586233774044e-02
1.379143175447973491e+00 -6.617292404381061588e-02
1.381205596892933318e+00 -5.951687224076723792e-02
1.383267424830911807e+00 -4.273286206522766001e-02
1.385328658646234556e+00 -4.783113142478221530e-02
1.387389297724521242e+00 -6.432711339380228766e-02
1.389449341452688946e+00 -6.195852040076234996e-02
1.391508789218949493e+00 -4.850107665127842416e-02
1.393567640412810560e+00 -4.274215151144973579e-02
1.395625894425076341e+00 -5.524291578836620920e-02
1.397683550647848216e+00 -4.020937942739584436e-02
1.399740608474524750e+00 -5.365318670593441364e-02
1.401797067299799693e+00 -4.589244841128421737e-02
1.403852926519665090e+00 -5.060569298320291565e-02
1.405908185531410393e+00 -6.461644084770529206e-02
1.407962843733621794e+00 -5.475640664402304375e-02
1.410016900526183559e+00 -5.709790343157118003e-02
1.412070355310277803e+00 -5.596067096126731283e-02
1.414123207488383827e+00 -5.881519360552601994e-02
1.416175456464279669e+00 -6.362018957990883683e-02
1.418227101643041665e+00 -5.009932991773149297e-02
1.420278142431045110e+00 -5.279407883731677270e-02
1.422328578235961594e+00 -5.283589626558786445e-02
1.424378408466763224e+00 -6.103989585898495634e-02
1.426427632533721290e+00 -5.584738948815872600e-02
1.428476249848403157e+00 -4.694856769185555556e-02
1.430524259823678035e+00 -5.359824479475710363e-02
1.432571661873713653e+00 -6.238271221190097582e-02
1.434618455413975147e+00 -6.201570847496997579e-02
1.436664639861228387e+00 -4.878336171011524863e-02
1.438710214633538209e+00 -5.657405635151853407e-02
1.440755179150268850e+00 -7.098937699839190374e-02
1.442799532832084175e+00 -6.015530887354847422e-02
1.444843275100947455e+00 -6.396477761477696589e-02
1.446886405380121809e+00 -6.459247047086189020e-02
1.448928923094168431e+00 -5.356200255317972170e-02
1.450970827668951024e+00 -6.385932456440895910e-02
1.453012118531630925e+00 -7.380324810997226925e-02
1.455052795110669761e+00 -6.136427317386521085e-02
1.457092856835828787e+00 -5.857085155273163146e-02
1.459132303138169995e+00 -6.028493908343159069e-02
1.461171133450054116e+00 -5.627718762444534201e-02
1.463209347205142619e+00 -6.627177470377866586e-02
1.465246943838396154e+00 -6.651815697844748465e-02
1.467283922786076111e+00 -5.297946106664903204e-02
1.469320283485742618e+00 -5.758385291775766635e-02
1.471356025376256982e+00 -5.361666514354927748e-02
1.473391147897779696e+00 -5.931584077905967256e-02
1.475425650491771101e+00 -5.542515419646610458e-02
1.477459532600991388e+00 -7.315841058604836966e-02
1.479492793669500816e+00 -6.614214339128091091e-02
1.481525433142658832e+00 -5.901969383651845674e-02
1.483557450467125616e+00 -6.660832445174993954e-02
1.485588845090859644e+00 -5.896025957709289528e-02
1.487619616463120797e+00 -5.953419349893917384e-02
1.489649764034467250e+00 -5.279683392293689492e-02
1.491679287256756359e+00 -6.224972999534832130e-02
1.493708185583146442e+00 -7.231231520621260456e-02
1.495736458468094110e+00 -7.000923806190019472e-02
1.497764105367356047e+00 -5.800806447855354903e-02
1.499791125737987008e+00 -5.700921125593429173e-02
1.501817519038341153e+00 -6.000919638202884682e-02
1.503843284728073160e+00 -6.199736421635883288e-02
1.505868422268134665e+00 -6.309379696544406557e-02
1.507892931120777158e+00 -6.208140081412517886e-02
1.509916810749551530e+00 -7.166886442906221510e-02
1.511940060619305637e+00 -7.054787169870639640e-02
1.513962680196186295e+00 -5.969888289621019806e-02
1.515984668947640390e+00 -6.347802340608788008e-02
1.518006026342410664e+00 -6.560380220136806384e-02
1.520026751850539704e+00 -5.860640807019151799e-02
1.522046844943366395e+00 -5.860776524329414788e-02
1.524066305093529250e+00 -6.495778098216971330e-02
1.526085131774962855e+00 -5.710457904626228126e-02
1.528103324462900536e+00 -6.456197878585774597e-02
1.530120882633871915e+00 -6.643501395910218765e-02
1.532137805765704686e+00 -5.051815801518617921e-02
1.534154093337522617e+00 -5.391675090818012078e-02
1.536169744829747330e+00 -6.006527161129646825e-02
1.538184759724095851e+00 -5.413941738227365241e-02
1.540199137503582838e+00 -5.698665135587934610e-02
1.542212877652518799e+00 -6.076344163620113481e-02
1.544225979656509651e+00 -5.126656883843523638e-02
1.546238443002457164e+00 -5.193438318967324302e-02
1.548250267178560069e+00 -5.671993338657913691e-02
1.550261451674311175e+00 -5.034052130570811773e-02
1.552271995980499142e+00 -5.767247531148012724e-02
1.554281899589206262e+00 -6.457486195518062633e-02
1.556291161993812233e+00 -5.474951739032730968e-02
1.558299782688989499e+00 -6.546894288677151952e-02
1.560307761170703245e+00 -5.557261123356625754e-02
1.562315096936215841e+00 -5.267346705459610701e-02
1.564321789484081515e+00 -6.010339615220600118e-02
1.566327838314147902e+00 -6.501476498052195796e-02
1.568333242927556492e+00 -6.594707720322537381e-02
1.570338002826741963e+00 -6.230028497367520735e-02
1.572342117515430848e+00 -6.471967847883484948e-02
1.574345586498642646e+00 -6.062102997004374660e-02
1.576348409282688712e+00 -6.113981503538716555e-02
1.578350585375172699e+00 -5.407528185420699962e-02
1.580352114284989007e+00 -6.388661334453493712e-02
1.582352995522324335e+00 -7.905880444697038767e-02
1.584353228598655461e+00 -5.756159402663858782e-02
1.586352813026750130e+00 -4.651200361220298590e-02
1.588351748320666612e+00 -4.139794133019978478e-02
1.590350033995751922e+00 -4.356166229681131263e-02
1.592347669568644930e+00 -6.151431224626663363e-02
1.594344654557272811e+00 -6.347970486833898196e-02
1.596340988480851264e+00 -5.834037546959049830e-02
1.598336670859885400e+00 -7.352876813636514963e-02
1.600331701216168412e+00 -6.568045570724988236e-02
1.602326079072780463e+00 -4.953647384299587203e-02
1.604319803954092460e+00 -4.822181437873231807e-02
1.606312875385758732e+00 -4.921333536282859050e-02
1.608305292894723237e+00 -4.257307740724200484e-02
1.610297056009215355e+00 -5.003919425958359979e-02
1.612288164258751211e+00 -5.658297013257151953e-02
1.614278617174131458e+00 -5.030272206939542107e-02
1.616268414287444610e+00 -4.809747288053904668e-02
1.618257555132062375e+00 -5.766571635972301407e-02
1.620246039242640990e+00 -4.244219862752417194e-02
1.622233866155121884e+00 -4.654586769794939044e-02
1.624221035406730129e+00 -3.675930194172750270e-02
1.626207546535974435e+00 -4.545778914343104327e-02
1.628193399082645598e+00 -3.318176300380473037e-02
1.630178592587817610e+00 -4.814014199292303980e-02
1.632163126593847657e+00 -5.399141134761207411e-02
1.634147000644373460e+00 -6.206605125645672794e-02
1.636130214284313489e+00 -5.049985595915701397e-02
1.638112767059870301e+00 -4.660518192426538198e-02
1.640094658518522763e+00 -4.927333480882770123e-02
1.642075888209032497e+00 -5.651528694607987902e-02
1.644056455681440543e+00 -6.415507864201226707e-02
1.646036360487066252e+00 -6.506786880718409827e-02
1.648015602178507510e+00 -3.218830778864822939e-02
1.649994180309642067e+00 -4.221011631334990050e-02
1.651972094435622873e+00 -5.359254624413203882e-02
1.653949344112882525e+00 -4.844227594785389945e-02
1.655925928899129040e+00 -3.959478658970920495e-02
1.657901848353348750e+00 -4.591464304484409176e-02
1.659877102035800522e+00 -4.910767109450246692e-02
1.661851689508020868e+00 -4.760305456223239140e-02
1.663825610332821281e+00 -5.179387793951299723e-02
1.665798864074286678e+00 -3.988604211079652129e-02
1.667771450297776736e+00 -4.374100186105321642e-02
1.669743368569923447e+00 -5.058662418393736204e-02
1.671714618458631785e+00 -3.184201178402234350e-02
1.673685199533080370e+00 -4.333317674150441445e-02
1.675655111363718586e+00 -4.770624705748284511e-02
1.677624353522267686e+00 -3.975690525502264400e-02
1.679592925581718355e+00 -5.468096984440589531e-02
1.681560827116332257e+00 -4.110103895610404956e-02
1.683528057701642044e+00 -4.267992608049563791e-02
1.685494616914448018e+00 -4.258287546698293069e-02
1.687460504332819244e+00 -3.904909686952461045e-02
1.689425719536092885e+00 -2.906165980681729363e-02
1.691390262104874642e+00 -4.057302155261458682e-02
1.693354131621034764e+00 -4.163957255605270358e-02
1.695317327667712926e+00 -2.651438053900950081e-02
1.697279849829311793e+00 -3.871883857588892530e-02
1.699241697691501463e+00 -2.425729151157286420e-02
1.701202870841214576e+00 -5.138354091017349745e-02
1.703163368866650318e+00 -3.538861222964592712e-02
1.705123191357268642e+00 -2.826159781443086938e-02
1.707082337903795599e+00 -2.847008201119619400e-02
1.709040808098215791e+00 -1.843622384650107915e-02
1.710998601533778141e+00 -2.267501330382001856e-02
1.712955717804992117e+00 -3.116034740284152199e-02
1.714912156507627072e+00 -6.104773782138847582e-02
1.716867917238713126e+00 -4.683982596310385521e-02
1.718822999596538503e+00 -4.091191545871881996e-02
1.720777403180651088e+00 -4.277281834586234982e-02
1.722731127591856648e+00 -4.914255880279957273e-02
1.724684172432217055e+00 -3.522876963374330095e-02
1.726636537305053620e+00 -2.414702204227074656e-02
1.728588221814939985e+00 -9.962233383773770601e-03
1.730539225567708561e+00 -3.779538339650441447e-02
1.732489548170445648e+00 -2.470630006598260181e-02
1.734439189231490541e+00 -4.233020451486996238e-02
1.736388148360437533e+00 -1.772186145699010396e-02
1.738336425168132804e+00 -3.580501378829951953e-02
1.740284019266675308e+00 -3.462882915333096584e-02
1.742230930269414779e+00 -4.401796504997752824e-02
1.744177157790953281e+00 -2.395293762523479503e-02
1.746122701447141656e+00 -4.735689572258902635e-02
1.748067560855080194e+00 -5.586792260254944478e-03
1.750011735633119514e+00 -4.050336024623232140e-02
1.751955225400857019e+00 -1.599799160547335508e-02
1.753898029779137113e+00 -4.363533713620979665e-02
1.755840148390052979e+00 -1.199299460835697231e-02
1.757781580856941472e+00 -3.651388818193408020e-02
1.759722326804386672e+00 -1.322057958815313870e-02
1.761662385858216773e+00 -2.197469524307114203e-02
1.763601757645502754e+00 1.502156380466343998e-02
1.765540441794561266e+00 -1.709676396780731092e-02
1.767478437934948188e+00 -2.251203056721681056e-02
1.769415745697464626e+00 -2.755449111040125104e-02
1.771352364714149807e+00 -2.205352691050477612e-02
1.773288294618284855e+00 -3.055448514093491580e-02
1.775223535044390566e+00 -4.013548105597067317e-02
1.777158085628225859e+00 -6.035189646957055468e-03
1.779091946006787994e+00 -7.411358570617943356e-03
1.781025115818311910e+00 9.834941579779330270e-03
1.782957594702269111e+00 -3.906663989599987348e-03
1.784889382299366334e+00 -9.409653503069555225e-03
1.786820478251545996e+00 -2.777792045235250029e-02
1.788750882201985082e+00 -1.890112741236295302e-02
1.790680593795093367e+00 -2.739351815763111514e-02
1.792609612676513642e+00 -2.184678188808611421e-02
1.794537938493122375e+00 -2.196453340950002553e-02
1.796465570893024166e+00 -4.514529144962131581e-04
1.798392509525556182e+00 -2.378999539162407473e-02
1.800318754041285718e+00 -1.409692990147876079e-02
1.802244304092008198e+00 -2.913075805119257414e-02
1.804169159330745842e+00 -5.663522980381949928e-03
1.806093319411750997e+00 -2.510420366029754088e-02
1.808016783990500587e+00 -2.952284511918743665e-02
1.809939552723696776e+00 -2.956164073799417980e-02
1.811861625269269416e+00 -4.550673921444541720e-02
1.813783001286369823e+00 -3.161137291662080573e-02
1.815703680435373002e+00 -1.487241396837874624e-02
1.817623662377877203e+00 -6.301325459103806169e-03
1.819542946776702141e+00 -6.423876297350566283e-03
1.821461533295888557e+00 1.077352196156412291e-02
1.823379421600696215e+00 -2.543242545007289111e-03
1.825296611357605681e+00 -2.452630506110431256e-03
1.827213102234314102e+00 -1.806969187373210980e-02
1.829128893899737429e+00 -4.254692437080091760e-02
1.831043986024008197e+00 -1.038586044106571717e-02
1.832958378278474187e+00 -1.641836388126422311e-02
1.834872070335698213e+00 -3.307852919658022927e-03
1.836785061869457225e+00 -2.188487548796469104e-02
1.838697352554741871e+00 -5.346506759072460271e-03
1.840608942067755160e+00 -1.918735429610083504e-02
1.842519830085911803e+00 -1.434999393697959820e-03
1.844430016287835539e+00 -6.727693922098884963e-03
1.846339500353362473e+00 5.742078100781458118e-03
1.848248281963535966e+00 -8.506008663181865992e-03
1.850156360800608191e+00 -1.158478324661759741e-02
1.852063736548038353e+00 1.790760200873289321e-03
1.853970408890491139e+00 -1.903674135175404541e-02
1.855876377513837605e+00 -1.337391025727610247e-02
1.857781642105153841e+00 1.097391425833377926e-02
1.859686202352717421e+00 1.662110751626884320e-02
1.861590057946011623e+00 -1.185765461873500249e-04
1.863493208575718985e+00 5.839109111292772620e-04
1.865395653933724196e+00 -1.719430950529086954e-02
1.867297393713112097e+00 -1.031678820722423465e-02
1.869198427608166568e+00 -1.855461722508935235e-02
1.871098755314368756e+00 1.314899298357164771e-02
1.872998376528398623e+00 -1.527828397073737778e-02
1.874897290948131401e+00 -2.348778733761222939e-03
1.876795498272637808e+00 -1.817747895960853885e-02
1.878692998202184272e+00 -1.280964107915943777e-02
1.880589790438228714e+00 3.336475070749228555e-02
1.882485874683424765e+00 4.234490372416803428e-02
1.884381250641613992e+00 3.729151602040945562e-02
1.886275918017832343e+00 1.761920857460177320e-02
1.888169876518303258e+00 3.043510798823496899e-02
1.890063125850439896e+00 3.702779769862256636e-03
1.891955665722844238e+00 1.731543587386832894e-02
1.893847495845303319e+00 -9.321510711978760536e-03
1.895738615928791893e+00 4.519396482286177318e-03
1.897629025685469095e+00 4.544304317221317668e-02
1.899518724828678673e+00 2.819138825475703616e-02
1.901407713072946981e+00 1.864356020626576141e-02
1.903295990133982318e+00 2.136785849406929241e-02
1.905183555728676259e+00 1.612647683483625985e-02
1.907070409575097880e+00 -4.040327863669843783e-03
1.908956551392497314e+00 4.481578462411861356e-03
1.910841980901302639e+00 -6.096133785849533124e-03
1.912726697823118993e+00 2.890794144355067832e-02
1.914610701880728572e+00 7.396821791586849276e-04
1.916493992798087742e+00 7.191690125733518797e-03
1.918376570300327266e+00 1.300789330484774034e-02
1.920258434113753410e+00 -4.042866830760360672e-03
1.922139583965842613e+00 1.493119063595813728e-02
1.924020019585244379e+00 2.829074307762080923e-02
1.925899740701776164e+00 3.640554141948259409e-02
1.927778747046427155e+00 3.117930073984000530e-02
1.929657038351354270e+00 5.225863848688096919e-02
1.931534614349881052e+00 4.100056615100981794e-02
1.933411474776498551e+00 6.762732766344223788e-03
1.935287619366862444e+00 1.148547444700254855e-02
1.937163047857792142e+00 1.129749646609226957e-02
1.939037759987271681e+00 6.771730157925721222e-03
1.940911755494445723e+00 1.567951028561073018e-02
1.942785034119622667e+00 2.754758480500919815e-02
1.944657595604269096e+00 1.843009672992293457e-02
1.946529439691009999e+00 1.282687291780273617e-02
1.948400566123631661e+00 -7.015774844588329624e-04
1.950270974647074107e+00 2.373889929368974000e-02
1.952140665007435993e+00 1.058400657617617618e-02
1.954009636951969275e+00 8.526368478279238577e-03
1.955877890229080762e+00 3.390108024692115030e-02
1.957745424588329675e+00 5.635999926643504854e-02
1.959612239780427645e+00 2.712053602223588045e-02
1.961478335557236274e+00 3.040696640255969099e-02
1.963343711671768022e+00 5.789357643653321450e-02
1.965208367878183093e+00 2.267466162528765372e-02
1.967072303931789223e+00 5.561353350341056295e-02
1.968935519589042338e+00 6.087986083821643468e-02
1.970798014607542337e+00 3.132969885689558531e-02
1.972659788746033094e+00 1.204761914039784512e-02
1.974520841764404011e+00 7.557318485765511518e-03
1.976381173423684245e+00 2.579260654771036235e-02
1.978240783486045151e+00 4.172890630331942130e-02
1.980099671714799614e+00 4.514805166428101368e-02
1.981957837874396944e+00 -2.569799127195539906e-03
1.983815281730426205e+00 1.807667899480442167e-02
1.985672003049612888e+00 -1.610749745122332099e-02
1.987528001599817573e+00 2.534178032652471824e-02
1.989383277150037710e+00 2.851471842022723288e-02
1.991237829470401399e+00 5.256750096673102474e-02
1.993091658332170502e+00 5.011517987763394050e-02
1.994944763507739083e+00 7.086171625866261037e-02
1.996797144770629417e+00 3.585211039710109460e-02
1.998648801895495319e+00 7.784269142288386713e-03
2.000499734658117035e+00 6.521021659031989159e-02
2.002349942835401908e+00 6.509059205641734569e-02
2.004199426205384160e+00 3.009396040257878574e-02
2.006048184547221336e+00 5.663368123726417874e-02
2.007896217641196301e+00 3.303584607609974522e-02
2.009743525268711917e+00 5.380136750752007729e-02
2.011590107212294143e+00 5.428068336413378880e-02
2.013435963255589378e+00 1.526982475573861013e-02
2.015281093183361794e+00 4.703232311434600577e-02
2.017125496781495553e+00 2.685145203350401688e-02
2.018969173836988595e+00 4.126655601327249012e-02
2.020812124137956634e+00 4.915097771144572719e-02
2.022654347473630931e+00 6.199889738889854257e-02
2.024495843634353420e+00 5.271280289578236106e-02
2.026336612411580695e+00 7.997925490087734457e-02
2.028176653597879131e+00 4.114845720608155399e-02
2.030015966986924880e+00 4.197848042753384717e-02
2.031854552373504319e+00 5.783061472834529620e-02
2.033692409553510494e+00 4.957971818040413092e-02
2.035529538323942678e+00 1.647562057081984610e-02
2.037365938482906813e+00 6.504938429790231569e-02
2.039201609829611073e+00 6.094357671341668614e-02
2.041036552164369855e+00 8.059148228029816563e-02
2.042870765288595347e+00 8.951981668033624773e-02
2.044704249004803742e+00 5.402729350796128815e-02
2.046537003116609466e+00 4.170520878016092253e-02
2.048369027428725619e+00 7.240868320924341052e-03
2.050200321746962207e+00 5.543983888026502577e-02
2.052030885878225686e+00 4.732631308348155680e-02
2.053860719630516751e+00 8.330140020204936449e-03
2.055689822812930778e+00 9.147224009013532608e-02
2.057518195235654712e+00 1.585565847585832799e-01
2.059345836709968403e+00 1.454869998931141717e-01
2.061172747048238385e+00 2.142307714987729261e-01
2.062998926063925431e+00 2.162014834797595653e-01
2.064824373571572558e+00 2.000802964724978095e-01
2.066649089386813465e+00 1.299788179670429422e-01
2.068473073326365874e+00 1.443998072484182493e-01
2.070296325208030197e+00 1.415100726917721818e-01
2.072118844850693531e+00 -2.103063524652346306e-01
2.073940632074320334e+00 -2.696286645378670466e-01
2.075761686699959085e+00 -2.813065510498001520e-02
2.077582008549736070e+00 -3.160920486696069953e-02
2.079401597446856709e+00 1.580449291784821186e-01
2.081220453215602895e+00 -7.184788394890222196e-02
2.083038575681332105e+00 -1.162790370457477684e-01
2.084855964670476070e+00 -5.403645081212265361e-02
2.086672620010541657e+00 -2.158966926743723005e-03
2.088488541530105991e+00 -4.598539800436604597e-02
2.090303729058818227e+00 4.951841645292046068e-02
2.092118182427396444e+00 3.224198310056766714e-01
2.093931901467628531e+00 1.830231460413093592e+00
2.095744886012369079e+00 2.991637413784424826e+00
2.097557135895537606e+00 3.455792977928696885e+00
2.101179431018165289e+00 -4.790215907155646186e-02
